44 45
37
36 35
34
33 32
31
30 49
48
47 46
43
38 39 40 41 42
88 89
90
91 92
83
82 58
57
52 53
54
94 93
87
86 85 84 56 55
76 77
69
68 67
66
65 64
63
62 81
80
78 79
75
70 71 72 73 74
103 104
105
106 107
108
114 113
112
95 96
97
102 101
100
110 109 111 98 99
12 11
10
9 8
7
6 5
115
18 17
16
15 14
13
119 120 116 117 118
4 29
28
50 51
60
59 61
24
23 22
21
20 19
3
27 26 25 1 2
223 222
219
220 221
182
181 180
213
188 187
186
214 215
216
185 217 218 183 184
155 156
157
158 159
160
163 149
150
168 167
166
165 164
154
151 152 153 162 161
229 230
231
239 238
237
240 144
145
146 224
225
226 227
228
232 233 234 235 236
128 129
127
126 125
124
123 122
139
140 141
133
132 131
130
134 135 136 137 138
202 201
200
211 212
197
196 195
194
193 210
207
208 209
203
206 205 204 199 198
190 189
178
179 169
170
148 147
173
143 142
175
121 192
191
171 172 174 176 177